15
0 0 0 0 0 0 0 0 0 0 0 0 0 0 0
3 0 0 1 1 0 2 0 1 1 0 0 0 2 0
0 0 1 1 1 0 0 0 1 1 1 1 1 0 0
0 0 1 1 1 1 1 1 1 1 1 1 1 0 0
0 0 0 1 1 1 1 1 1 1 0 0 0 2 0
0 2 0 0 0 0 0 0 0 0 0 0 0 0 0
0 0 0 1 1 1 0 0 0 0 0 0 0 1 1
1 1 0 1 1 1 0 2 0 1 1 1 0 1 1
1 1 0 1 1 0 0 0 0 1 1 1 0 1 1
0 1 0 1 1 0 0 1 1 1 1 1 2 1 1
0 0 0 1 1 0 0 1 1 1 1 1 0 1 1
0 0 0 0 1 0 0 0 0 1 1 0 0 0 0
2 0 0 0 1 0 0 2 0 1 1 0 0 0 0
0 0 0 0 0 0 0 0 0 0 0 0 0 0 0
0 0 2 0 0 2 0 0 0 2 0 0 0 2 4
[[0, 1], [0, 12], [1, 5], [2, 14], [5, 14], [6, 1], [7, 7], [7, 12], [9, 14], [12, 9], [13, 1], [13, 4], [13, 14]]
[0, 2, 1, 3, 4, 7, 8, 12, 9, 6, 11, 10, 5, 0]
65.454
[[0, 1], [1, 5], [1, 5], [2, 6], [2, 10], [0, 12], [0, 12], [2, 14], [2, 14], [5, 14], [5, 14], [7, 12], [7, 12], [9, 14], [9, 14], [13, 14], [13, 14], [12, 11], [12, 9], [12, 9], [12, 6], [8, 6], [7, 7], [7, 7], [8, 6], [13, 4], [13, 4], [13, 1], [13, 1], [10, 0], [7, 0], [6, 1], [6, 1], [5, 0], [2, 0], [0, 1]]
39.1692054271698
[[0.0, 12.22677276241436, 4.123105625617661, 13.39834563766817, 14.94427190999916, 6.650281539872885, 11.06449510224598, 16.537319187990757, 19.543203766865055, 18.222125139210448, 13.39834563766817, 16.39834563766817, 22.862434821162154], [12.22677276241436, 0.0, 8.242640687119286, 2.8284271247461903, 5.385164807134504, 18.478708664619074, 11.927446638338974, 7.39834563766817, 9.245040190466598, 15.837788396302638, 22.398345637668168, 19.449659909380483, 13.21215328128927], [4.123105625617661, 8.242640687119286, 0.0, 9.414213562373096, 10.886349517372675, 9.828427124746192, 7.23606797749979, 12.414213562373096, 14.733044070171104, 14.099019513592784, 15.16227766016838, 12.16227766016838, 18.700157160993776], [13.39834563766817, 2.8284271247461903, 9.414213562373096, 0.0, 3.0, 19.06449510224598, 9.67551073613426, 5.39834563766817, 7.0, 13.469598700510513, 19.474889105641857, 16.474889105641857, 11.0], [14.94427190999916, 5.385164807134504, 10.886349517372675, 3.0, 0.0, 21.49847350245616, 7.496976092671314, 2.8284271247461903, 4.0, 10.318830507798008, 17.643385828134768, 14.296354462178915, 8.0], [6.650281539872885, 18.478708664619074, 9.828427124746192, 19.06449510224598, 21.49847350245616, 0.0, 17.064495102245978, 22.82842712474619, 23.886349517372675, 15.99070478491457, 7.576491222541474, 10.576491222541474, 22.324555320336756], [11.06449510224598, 11.927446638338974, 7.23606797749979, 9.67551073613426, 7.496976092671314, 17.064495102245978, 0.0, 5.82842712474619, 8.65685424949238, 8.414213562373096, 9.799378369507599, 6.799378369507599, 12.34166020071207], [16.537319187990757, 7.39834563766817, 12.414213562373096, 5.39834563766817, 2.8284271247461903, 22.82842712474619, 5.82842712474619, 0.0, 2.8284271247461903, 8.650281539872886, 15.627805494253789, 12.627805494253789, 6.513233075965879], [19.543203766865055, 9.245040190466598, 14.733044070171104, 7.0, 4.0, 23.886349517372675, 8.65685424949238, 2.8284271247461903, 0.0, 6.47213595499958, 14.886349517372675, 11.886349517372675, 4.0], [18.222125139210448, 15.837788396302638, 14.099019513592784, 13.469598700510513, 10.318830507798008, 15.99070478491457, 8.414213562373096, 8.650281539872886, 6.47213595499958, 0.0, 8.414213562373096, 5.414213562373095, 5.16227766016838], [13.39834563766817, 22.398345637668168, 15.16227766016838, 19.474889105641857, 17.643385828134768, 7.576491222541474, 9.799378369507599, 15.627805494253789, 14.886349517372675, 8.414213562373096, 0.0, 3.0, 13.576491222541476], [16.39834563766817, 19.449659909380483, 12.16227766016838, 16.474889105641857, 14.296354462178915, 10.576491222541474, 6.799378369507599, 12.627805494253789, 11.886349517372675, 5.414213562373095, 3.0, 0.0, 10.576491222541474], [22.862434821162154, 13.21215328128927, 18.700157160993776, 11.0, 8.0, 22.324555320336756, 12.34166020071207, 6.513233075965879, 4.0, 5.16227766016838, 13.576491222541476, 10.576491222541474, 0.0]]
[[None, [[0, 1], [1, 4], [2, 6], [2, 10], [0, 12]], [[0, 1], [1, 5]], [[0, 1], [1, 4], [2, 6], [2, 14]], [[0, 1], [0, 2], [2, 6], [2, 11], [3, 13], [5, 14]], [[0, 1], [2, 0], [5, 0], [6, 1]], [[0, 1], [0, 3], [2, 5], [6, 5], [7, 7]], [[0, 1], [1, 5], [6, 5], [6, 11], [7, 12]], [[0, 1], [0, 2], [2, 6], [2, 13], [9, 14]], [[0, 1], [1, 5], [7, 5], [12, 6], [12, 9]], [[0, 1], [2, 0], [10, 0], [13, 1]], [[0, 1], [2, 0], [10, 0], [13, 1], [13, 4]], [[0, 1], [1, 4], [2, 5], [2, 11], [3, 13], [13, 14]]], [[[0, 12], [2, 10], [2, 6], [1, 4], [0, 1]], None, [[0, 12], [2, 10], [2, 6], [1, 5]], [[0, 12], [2, 14]], [[0, 12], [5, 14]], [[0, 12], [2, 10], [2, 6], [1, 4], [1, 0], [5, 0], [6, 1]], [[0, 12], [1, 13], [5, 13], [6, 8], [7, 7]], [[0, 12], [3, 13], [5, 13], [7, 12]], [[0, 12], [3, 13], [9, 14]], [[0, 12], [6, 14], [11, 13], [12, 12], [12, 9]], [[0, 12], [2, 11], [2, 5], [10, 5], [13, 4], [13, 1]], [[0, 12], [2, 10], [2, 5], [6, 5], [8, 6], [13, 4]], [[0, 12], [3, 13], [13, 14]]], [[[1, 5], [0, 1]], [[1, 5], [2, 6], [2, 10], [0, 12]], None, [[1, 5], [2, 6], [2, 14]], [[1, 5], [2, 6], [2, 11], [3, 13], [5, 14]], [[1, 5], [1, 1], [2, 0], [5, 0], [6, 1]], [[1, 5], [6, 5], [7, 7]], [[1, 5], [6, 5], [6, 11], [7, 12]], [[1, 5], [2, 6], [2, 11], [3, 13], [9, 14]], [[1, 5], [7, 5], [12, 6], [12, 9]], [[1, 5], [10, 5], [13, 4], [13, 1]], [[1, 5], [10, 5], [13, 4]], [[1, 5], [2, 6], [2, 11], [3, 13], [13, 14]]], [[[2, 14], [2, 6], [1, 4], [0, 1]], [[2, 14], [0, 12]], [[2, 14], [2, 6], [1, 5]], None, [[2, 14], [5, 14]], [[2, 14], [2, 6], [1, 4], [1, 1], [2, 0], [5, 0], [6, 1]], [[2, 14], [5, 13], [6, 8], [7, 7]], [[2, 14], [5, 13], [7, 12]], [[2, 14], [9, 14]], [[2, 14], [11, 13], [12, 12], [12, 9]], [[2, 14], [5, 13], [6, 8], [8, 6], [13, 4], [13, 1]], [[2, 14], [5, 13], [6, 8], [8, 6], [13, 4]], [[2, 14], [13, 14]]], [[[5, 14], [3, 13], [2, 11], [2, 6], [0, 2], [0, 1]], [[5, 14], [0, 12]], [[5, 14], [3, 13], [2, 11], [2, 6], [1, 5]], [[5, 14], [2, 14]], None, [[5, 14], [4, 14], [2, 12], [2, 6], [0, 3], [1, 1], [2, 0], [5, 0], [6, 1]], [[5, 14], [6, 8], [7, 7]], [[5, 14], [7, 12]], [[5, 14], [9, 14]], [[5, 14], [11, 13], [12, 11], [12, 9]], [[5, 14], [6, 8], [7, 6], [13, 4], [13, 1]], [[5, 14], [6, 8], [8, 6], [13, 4]], [[5, 14], [13, 14]]], [[[6, 1], [5, 0], [2, 0], [0, 1]], [[6, 1], [5, 0], [1, 0], [1, 4], [2, 6], [2, 10], [0, 12]], [[6, 1], [5, 0], [2, 0], [1, 1], [1, 5]], [[6, 1], [5, 0], [2, 0], [1, 1], [1, 4], [2, 6], [2, 14]], [[6, 1], [5, 0], [2, 0], [1, 1], [0, 3], [2, 6], [2, 12], [4, 14], [5, 14]], None, [[6, 1], [5, 0], [2, 0], [1, 1], [1, 5], [6, 5], [7, 7]], [[6, 1], [5, 0], [1, 0], [1, 5], [6, 5], [6, 11], [7, 12]], [[6, 1], [7, 0], [13, 0], [13, 4], [12, 4], [12, 11], [11, 13], [9, 14]], [[6, 1], [7, 0], [10, 0], [13, 1], [13, 4], [12, 5], [12, 9]], [[6, 1], [7, 0], [10, 0], [13, 1]], [[6, 1], [7, 0], [10, 0], [13, 1], [13, 4]], [[6, 1], [6, 0], [10, 0], [13, 1], [13, 5], [12, 5], [12, 11], [13, 14]]], [[[7, 7], [6, 5], [2, 5], [0, 3], [0, 1]], [[7, 7], [6, 8], [5, 13], [1, 13], [0, 12]], [[7, 7], [6, 5], [1, 5]], [[7, 7], [6, 8], [5, 13], [2, 14]], [[7, 7], [6, 8], [5, 14]], [[7, 7], [6, 5], [1, 5], [1, 1], [2, 0], [5, 0], [6, 1]], None, [[7, 7], [6, 8], [6, 11], [7, 12]], [[7, 7], [6, 8], [6, 11], [9, 14]], [[7, 7], [8, 6], [12, 6], [12, 9]], [[7, 7], [8, 6], [13, 4], [13, 1]], [[7, 7], [8, 6], [13, 4]], [[7, 7], [6, 8], [6, 11], [8, 13], [13, 14]]], [[[7, 12], [6, 11], [6, 5], [1, 5], [0, 1]], [[7, 12], [5, 13], [3, 13], [0, 12]], [[7, 12], [6, 11], [6, 5], [1, 5]], [[7, 12], [5, 13], [2, 14]], [[7, 12], [5, 14]], [[7, 12], [6, 11], [6, 5], [1, 5], [1, 0], [5, 0], [6, 1]], [[7, 12], [6, 11], [6, 8], [7, 7]], None, [[7, 12], [9, 14]], [[7, 12], [8, 13], [11, 13], [12, 11], [12, 9]], [[7, 12], [6, 11], [6, 8], [8, 6], [13, 4], [13, 1]], [[7, 12], [6, 11], [6, 8], [8, 6], [13, 4]], [[7, 12], [8, 13], [13, 14]]], [[[9, 14], [2, 13], [2, 6], [0, 2], [0, 1]], [[9, 14], [3, 13], [0, 12]], [[9, 14], [3, 13], [2, 11], [2, 6], [1, 5]], [[9, 14], [2, 14]], [[9, 14], [5, 14]], [[9, 14], [11, 13], [12, 11], [12, 4], [13, 4], [13, 0], [7, 0], [6, 1]], [[9, 14], [6, 11], [6, 8], [7, 7]], [[9, 14], [7, 12]], None, [[9, 14], [11, 13], [12, 11], [12, 9]], [[9, 14], [11, 13], [12, 11], [12, 5], [13, 4], [13, 1]], [[9, 14], [11, 13], [12, 11], [12, 5], [13, 4]], [[9, 14], [13, 14]]], [[[12, 9], [12, 6], [7, 5], [1, 5], [0, 1]], [[12, 9], [12, 12], [11, 13], [6, 14], [0, 12]], [[12, 9], [12, 6], [7, 5], [1, 5]], [[12, 9], [12, 12], [11, 13], [2, 14]], [[12, 9], [12, 11], [11, 13], [5, 14]], [[12, 9], [12, 5], [13, 4], [13, 1], [10, 0], [7, 0], [6, 1]], [[12, 9], [12, 6], [8, 6], [7, 7]], [[12, 9], [12, 11], [11, 13], [8, 13], [7, 12]], [[12, 9], [12, 11], [11, 13], [9, 14]], None, [[12, 9], [12, 5], [13, 4], [13, 1]], [[12, 9], [12, 5], [13, 4]], [[12, 9], [12, 11], [13, 14]]], [[[13, 1], [10, 0], [2, 0], [0, 1]], [[13, 1], [13, 4], [10, 5], [2, 5], [2, 11], [0, 12]], [[13, 1], [13, 4], [10, 5], [1, 5]], [[13, 1], [13, 4], [8, 6], [6, 8], [5, 13], [2, 14]], [[13, 1], [13, 4], [7, 6], [6, 8], [5, 14]], [[13, 1], [10, 0], [7, 0], [6, 1]], [[13, 1], [13, 4], [8, 6], [7, 7]], [[13, 1], [13, 4], [8, 6], [6, 8], [6, 11], [7, 12]], [[13, 1], [13, 4], [12, 5], [12, 11], [11, 13], [9, 14]], [[13, 1], [13, 4], [12, 5], [12, 9]], None, [[13, 1], [13, 4]], [[13, 1], [13, 4], [12, 5], [12, 11], [13, 14]]], [[[13, 4], [13, 1], [10, 0], [2, 0], [0, 1]], [[13, 4], [8, 6], [6, 5], [2, 5], [2, 10], [0, 12]], [[13, 4], [10, 5], [1, 5]], [[13, 4], [8, 6], [6, 8], [5, 13], [2, 14]], [[13, 4], [8, 6], [6, 8], [5, 14]], [[13, 4], [13, 1], [10, 0], [7, 0], [6, 1]], [[13, 4], [8, 6], [7, 7]], [[13, 4], [8, 6], [6, 8], [6, 11], [7, 12]], [[13, 4], [12, 5], [12, 11], [11, 13], [9, 14]], [[13, 4], [12, 5], [12, 9]], [[13, 4], [13, 1]], None, [[13, 4], [12, 5], [12, 11], [13, 14]]], [[[13, 14], [3, 13], [2, 11], [2, 5], [1, 4], [0, 1]], [[13, 14], [3, 13], [0, 12]], [[13, 14], [3, 13], [2, 11], [2, 6], [1, 5]], [[13, 14], [2, 14]], [[13, 14], [5, 14]], [[13, 14], [12, 11], [12, 5], [13, 5], [13, 1], [10, 0], [6, 0], [6, 1]], [[13, 14], [8, 13], [6, 11], [6, 8], [7, 7]], [[13, 14], [8, 13], [7, 12]], [[13, 14], [9, 14]], [[13, 14], [12, 11], [12, 9]], [[13, 14], [12, 11], [12, 5], [13, 4], [13, 1]], [[13, 14], [12, 11], [12, 5], [13, 4]], None]]
