15
0 0 0 0 0 0 0 0 0 0 0 0 0 0 0
3 0 0 1 1 0 2 0 1 1 0 0 0 0 0
0 0 1 1 1 0 0 0 1 1 1 1 1 0 0
0 0 1 1 1 1 1 1 1 1 1 1 1 0 0
0 0 0 1 1 1 1 1 1 1 0 0 0 2 0
0 2 0 0 0 0 0 0 0 0 0 0 0 0 0
0 0 0 1 1 1 0 0 0 0 0 0 0 1 1
1 1 0 1 1 1 0 2 0 1 1 1 0 1 1
1 1 0 1 1 0 0 0 0 1 1 1 0 1 1
0 1 0 1 1 0 0 1 1 1 1 1 0 1 1
0 0 0 1 1 0 0 1 1 1 1 1 0 1 1
0 0 0 0 1 0 0 0 0 1 1 0 0 0 0
2 0 0 0 1 0 0 2 0 1 1 0 0 0 0
0 0 0 0 0 0 0 0 0 0 0 0 0 0 0
0 0 2 0 0 2 0 0 0 0 0 0 0 2 4
[[0, 1], [0, 12], [1, 5], [2, 14], [5, 14], [6, 1], [7, 7], [7, 12], [13, 4], [13, 14]]
[0, 5, 8, 6, 7, 9, 4, 3, 1, 2, 0]
62.562
[[0, 1], [2, 0], [5, 0], [6, 1], [6, 1], [7, 0], [10, 0], [13, 1], [13, 4], [13, 4], [8, 6], [7, 7], [7, 7], [6, 8], [6, 11], [7, 12], [7, 12], [8, 13], [13, 14], [13, 14], [5, 14], [5, 14], [2, 14], [2, 14], [0, 12], [0, 12], [2, 10], [2, 6], [1, 5], [1, 5], [0, 1]]
23.485894441604614
[[0.0, 12.22677276241436, 4.123105625617661, 13.39834563766817, 15.56062329783655, 6.650281539872885, 10.812559200041264, 16.87048159266775, 15.738768882709854, 22.684289236288848], [12.22677276241436, 0.0, 8.242640687119286, 2.8284271247461903, 5.385164807134504, 18.30056307974577, 11.67551073613426, 7.39834563766817, 18.99070478491457, 13.21215328128927], [4.123105625617661, 8.242640687119286, 0.0, 9.414213562373096, 10.886349517372675, 9.828427124746192, 7.23606797749979, 12.414213562373096, 12.16227766016838, 18.927446638338974], [13.39834563766817, 2.8284271247461903, 9.414213562373096, 0.0, 3.0, 19.06449510224598, 9.67551073613426, 5.39834563766817, 16.821920471597714, 11.0], [15.56062329783655, 5.385164807134504, 10.886349517372675, 3.0, 0.0, 21.30056307974577, 7.496976092671314, 2.8284271247461903, 14.296354462178915, 8.0], [6.650281539872885, 18.30056307974577, 9.828427124746192, 19.06449510224598, 21.30056307974577, 0.0, 17.650281539872886, 23.832324037878347, 10.576491222541474, 23.152982445082948], [10.812559200041264, 11.67551073613426, 7.23606797749979, 9.67551073613426, 7.496976092671314, 17.650281539872886, 0.0, 5.82842712474619, 6.799378369507599, 12.34166020071207], [16.87048159266775, 7.39834563766817, 12.414213562373096, 5.39834563766817, 2.8284271247461903, 23.832324037878347, 5.82842712474619, 0.0, 12.974836860209644, 6.513233075965879], [15.738768882709854, 18.99070478491457, 12.16227766016838, 16.821920471597714, 14.296354462178915, 10.576491222541474, 6.799378369507599, 12.974836860209644, 0.0, 10.576491222541474], [22.684289236288848, 13.21215328128927, 18.927446638338974, 11.0, 8.0, 23.152982445082948, 12.34166020071207, 6.513233075965879, 10.576491222541474, 0.0]]
[[None, [[0, 1], [1, 4], [2, 6], [2, 10], [0, 12]], [[0, 1], [1, 5]], [[0, 1], [1, 4], [2, 6], [2, 14]], [[0, 1], [1, 4], [2, 6], [2, 13], [5, 14]], [[0, 1], [2, 0], [5, 0], [6, 1]], [[0, 1], [1, 4], [2, 5], [6, 5], [7, 7]], [[0, 1], [1, 4], [2, 6], [2, 11], [3, 13], [5, 13], [7, 12]], [[0, 1], [1, 4], [2, 5], [10, 5], [13, 4]], [[0, 1], [1, 4], [2, 6], [2, 11], [3, 13], [13, 14]]], [[[0, 12], [2, 10], [2, 6], [1, 4], [0, 1]], None, [[0, 12], [2, 10], [2, 6], [1, 5]], [[0, 12], [2, 14]], [[0, 12], [5, 14]], [[0, 12], [2, 11], [2, 6], [1, 4], [1, 1], [2, 0], [5, 0], [6, 1]], [[0, 12], [3, 13], [5, 13], [6, 8], [7, 7]], [[0, 12], [3, 13], [5, 13], [7, 12]], [[0, 12], [2, 10], [2, 5], [10, 5], [13, 4]], [[0, 12], [3, 13], [13, 14]]], [[[1, 5], [0, 1]], [[1, 5], [2, 6], [2, 10], [0, 12]], None, [[1, 5], [2, 6], [2, 14]], [[1, 5], [2, 6], [2, 11], [3, 13], [5, 14]], [[1, 5], [1, 1], [2, 0], [5, 0], [6, 1]], [[1, 5], [6, 5], [7, 7]], [[1, 5], [6, 5], [6, 11], [7, 12]], [[1, 5], [10, 5], [13, 4]], [[1, 5], [6, 5], [6, 11], [8, 13], [13, 14]]], [[[2, 14], [2, 6], [1, 4], [0, 1]], [[2, 14], [0, 12]], [[2, 14], [2, 6], [1, 5]], None, [[2, 14], [5, 14]], [[2, 14], [2, 6], [1, 4], [1, 1], [2, 0], [5, 0], [6, 1]], [[2, 14], [5, 13], [6, 8], [7, 7]], [[2, 14], [5, 13], [7, 12]], [[2, 14], [5, 13], [6, 8], [7, 6], [13, 4]], [[2, 14], [13, 14]]], [[[5, 14], [2, 13], [2, 6], [1, 4], [0, 1]], [[5, 14], [0, 12]], [[5, 14], [3, 13], [2, 11], [2, 6], [1, 5]], [[5, 14], [2, 14]], None, [[5, 14], [3, 13], [2, 11], [2, 6], [1, 6], [1, 1], [2, 0], [5, 0], [6, 1]], [[5, 14], [6, 8], [7, 7]], [[5, 14], [7, 12]], [[5, 14], [6, 8], [8, 6], [13, 4]], [[5, 14], [13, 14]]], [[[6, 1], [5, 0], [2, 0], [0, 1]], [[6, 1], [5, 0], [2, 0], [1, 1], [1, 4], [2, 6], [2, 11], [0, 12]], [[6, 1], [5, 0], [2, 0], [1, 1], [1, 5]], [[6, 1], [5, 0], [2, 0], [1, 1], [1, 4], [2, 6], [2, 14]], [[6, 1], [5, 0], [2, 0], [1, 1], [1, 6], [2, 6], [2, 11], [3, 13], [5, 14]], None, [[6, 1], [5, 0], [1, 0], [1, 5], [6, 5], [7, 7]], [[6, 1], [7, 0], [10, 0], [13, 1], [13, 4], [11, 5], [8, 5], [6, 8], [6, 11], [7, 12]], [[6, 1], [7, 0], [10, 0], [13, 1], [13, 4]], [[6, 1], [6, 0], [13, 0], [14, 3], [12, 5], [12, 11], [13, 14]]], [[[7, 7], [6, 5], [2, 5], [1, 4], [0, 1]], [[7, 7], [6, 8], [5, 13], [3, 13], [0, 12]], [[7, 7], [6, 5], [1, 5]], [[7, 7], [6, 8], [5, 13], [2, 14]], [[7, 7], [6, 8], [5, 14]], [[7, 7], [6, 5], [1, 5], [1, 0], [5, 0], [6, 1]], None, [[7, 7], [6, 8], [6, 11], [7, 12]], [[7, 7], [8, 6], [13, 4]], [[7, 7], [6, 8], [6, 11], [8, 13], [13, 14]]], [[[7, 12], [5, 13], [3, 13], [2, 11], [2, 6], [1, 4], [0, 1]], [[7, 12], [5, 13], [3, 13], [0, 12]], [[7, 12], [6, 11], [6, 5], [1, 5]], [[7, 12], [5, 13], [2, 14]], [[7, 12], [5, 14]], [[7, 12], [6, 11], [6, 8], [8, 5], [11, 5], [13, 4], [13, 1], [10, 0], [7, 0], [6, 1]], [[7, 12], [6, 11], [6, 8], [7, 7]], None, [[7, 12], [6, 11], [6, 8], [7, 6], [13, 4]], [[7, 12], [8, 13], [13, 14]]], [[[13, 4], [10, 5], [2, 5], [1, 4], [0, 1]], [[13, 4], [10, 5], [2, 5], [2, 10], [0, 12]], [[13, 4], [10, 5], [1, 5]], [[13, 4], [7, 6], [6, 8], [5, 13], [2, 14]], [[13, 4], [8, 6], [6, 8], [5, 14]], [[13, 4], [13, 1], [10, 0], [7, 0], [6, 1]], [[13, 4], [8, 6], [7, 7]], [[13, 4], [7, 6], [6, 8], [6, 11], [7, 12]], None, [[13, 4], [12, 5], [12, 11], [13, 14]]], [[[13, 14], [3, 13], [2, 11], [2, 6], [1, 4], [0, 1]], [[13, 14], [3, 13], [0, 12]], [[13, 14], [8, 13], [6, 11], [6, 5], [1, 5]], [[13, 14], [2, 14]], [[13, 14], [5, 14]], [[13, 14], [12, 11], [12, 5], [14, 3], [13, 0], [6, 0], [6, 1]], [[13, 14], [8, 13], [6, 11], [6, 8], [7, 7]], [[13, 14], [8, 13], [7, 12]], [[13, 14], [12, 11], [12, 5], [13, 4]], None]]
