15
0 0 0 0 0 0 0 0 0 0 0 0 0 0 0
3 0 0 1 1 0 2 0 1 1 0 0 0 2 0
0 0 1 1 1 0 0 0 1 1 1 1 1 0 0
0 0 1 1 1 1 1 1 1 1 1 1 1 0 0
0 0 0 1 1 1 1 1 1 1 0 0 0 2 0
0 2 0 0 0 0 0 0 0 0 0 0 0 0 0
0 0 0 1 1 1 0 0 0 0 0 0 0 1 1
1 1 0 1 1 1 0 2 0 1 1 1 0 1 1
1 1 0 1 1 0 0 0 0 1 1 1 0 1 1
0 1 0 1 1 0 0 1 1 1 1 1 2 1 1
0 0 0 1 1 0 0 1 1 1 1 1 0 1 1
0 0 0 0 1 0 0 0 0 1 1 0 0 0 0
2 0 0 0 1 0 0 2 0 1 1 0 0 0 0
0 0 0 0 0 0 0 0 0 0 0 0 0 0 0
0 0 2 0 0 2 0 0 0 0 0 0 0 2 4
[[0, 1], [0, 12], [1, 5], [2, 14], [5, 14], [6, 1], [7, 7], [7, 12], [12, 9], [13, 1], [13, 4], [13, 14]]
[0, 5, 9, 10, 6, 8, 11, 7, 4, 3, 1, 2, 0]
65.138
[[0, 1], [2, 0], [5, 0], [6, 1], [6, 1], [7, 0], [10, 0], [13, 1], [13, 1], [13, 4], [13, 4], [8, 6], [7, 7], [7, 7], [8, 6], [12, 6], [12, 9], [12, 9], [12, 11], [13, 14], [13, 14], [8, 13], [7, 12], [7, 12], [5, 14], [5, 14], [2, 14], [2, 14], [0, 12], [0, 12], [2, 10], [2, 6], [1, 5], [1, 5], [0, 1]]
40.6134295463562
[[0.0, 12.30056307974577, 4.123105625617661, 13.39834563766817, 15.56062329783655, 6.650281539872885, 10.812559200041264, 17.832324037878347, 17.675510736134257, 13.39834563766817, 15.738768882709854, 22.684289236288848], [12.30056307974577, 0.0, 8.242640687119286, 2.8284271247461903, 5.385164807134504, 17.892922226992173, 11.67551073613426, 7.39834563766817, 15.837788396302638, 22.82842712474619, 18.474889105641857, 13.21215328128927], [4.123105625617661, 8.242640687119286, 0.0, 9.414213562373096, 10.886349517372675, 9.828427124746192, 7.23606797749979, 12.414213562373096, 14.082762530298218, 15.16227766016838, 12.16227766016838, 19.31883050779801], [13.39834563766817, 2.8284271247461903, 9.414213562373096, 0.0, 3.0, 19.06449510224598, 9.67551073613426, 5.39834563766817, 13.291453115637207, 19.98140956982914, 16.474889105641857, 11.0], [15.56062329783655, 5.385164807134504, 10.886349517372675, 3.0, 0.0, 21.30056307974577, 7.496976092671314, 2.8284271247461903, 10.318830507798008, 17.643385828134768, 14.296354462178915, 8.0], [6.650281539872885, 17.892922226992173, 9.828427124746192, 19.06449510224598, 21.30056307974577, 0.0, 17.064495102245978, 22.242640687119287, 15.99070478491457, 7.576491222541474, 10.576491222541474, 22.650281539872886], [10.812559200041264, 11.67551073613426, 7.23606797749979, 9.67551073613426, 7.496976092671314, 17.064495102245978, 0.0, 5.82842712474619, 8.414213562373096, 9.799378369507599, 6.799378369507599, 12.34166020071207], [17.832324037878347, 7.39834563766817, 12.414213562373096, 5.39834563766817, 2.8284271247461903, 22.242640687119287, 5.82842712474619, 0.0, 9.414213562373096, 15.627805494253789, 12.974836860209644, 6.513233075965879], [17.675510736134257, 15.837788396302638, 14.082762530298218, 13.291453115637207, 10.318830507798008, 15.99070478491457, 8.414213562373096, 9.414213562373096, 0.0, 8.414213562373096, 5.414213562373095, 5.16227766016838], [13.39834563766817, 22.82842712474619, 15.16227766016838, 19.98140956982914, 17.643385828134768, 7.576491222541474, 9.799378369507599, 15.627805494253789, 8.414213562373096, 0.0, 3.0, 13.576491222541476], [15.738768882709854, 18.474889105641857, 12.16227766016838, 16.474889105641857, 14.296354462178915, 10.576491222541474, 6.799378369507599, 12.974836860209644, 5.414213562373095, 3.0, 0.0, 10.576491222541474], [22.684289236288848, 13.21215328128927, 19.31883050779801, 11.0, 8.0, 22.650281539872886, 12.34166020071207, 6.513233075965879, 5.16227766016838, 13.576491222541476, 10.576491222541474, 0.0]]
[[None, [[0, 1], [0, 2], [2, 6], [2, 10], [0, 12]], [[0, 1], [1, 5]], [[0, 1], [1, 4], [2, 6], [2, 14]], [[0, 1], [1, 4], [2, 6], [2, 13], [5, 14]], [[0, 1], [2, 0], [5, 0], [6, 1]], [[0, 1], [1, 4], [2, 5], [6, 5], [7, 7]], [[0, 1], [1, 4], [2, 6], [2, 12], [4, 14], [7, 12]], [[0, 1], [1, 4], [2, 5], [7, 5], [12, 6], [12, 9]], [[0, 1], [2, 0], [10, 0], [13, 1]], [[0, 1], [1, 4], [2, 5], [10, 5], [13, 4]], [[0, 1], [1, 4], [2, 6], [2, 11], [3, 13], [13, 14]]], [[[0, 12], [2, 10], [2, 6], [0, 2], [0, 1]], None, [[0, 12], [2, 10], [2, 6], [1, 5]], [[0, 12], [2, 14]], [[0, 12], [5, 14]], [[0, 12], [2, 10], [2, 6], [1, 4], [1, 1], [2, 0], [5, 0], [6, 1]], [[0, 12], [3, 13], [5, 13], [6, 8], [7, 7]], [[0, 12], [3, 13], [5, 13], [7, 12]], [[0, 12], [6, 14], [11, 13], [12, 12], [12, 9]], [[0, 12], [2, 10], [2, 5], [13, 5], [13, 1]], [[0, 12], [3, 13], [5, 13], [6, 8], [8, 6], [13, 4]], [[0, 12], [3, 13], [13, 14]]], [[[1, 5], [0, 1]], [[1, 5], [2, 6], [2, 10], [0, 12]], None, [[1, 5], [2, 6], [2, 14]], [[1, 5], [2, 6], [2, 11], [3, 13], [5, 14]], [[1, 5], [1, 1], [2, 0], [5, 0], [6, 1]], [[1, 5], [6, 5], [7, 7]], [[1, 5], [6, 5], [6, 11], [7, 12]], [[1, 5], [6, 5], [12, 6], [12, 9]], [[1, 5], [10, 5], [13, 4], [13, 1]], [[1, 5], [10, 5], [13, 4]], [[1, 5], [6, 5], [6, 11], [7, 13], [13, 14]]], [[[2, 14], [2, 6], [1, 4], [0, 1]], [[2, 14], [0, 12]], [[2, 14], [2, 6], [1, 5]], None, [[2, 14], [5, 14]], [[2, 14], [2, 6], [1, 4], [1, 1], [2, 0], [5, 0], [6, 1]], [[2, 14], [5, 13], [6, 8], [7, 7]], [[2, 14], [5, 13], [7, 12]], [[2, 14], [11, 13], [12, 11], [12, 9]], [[2, 14], [5, 13], [5, 9], [9, 5], [10, 5], [13, 4], [13, 1]], [[2, 14], [5, 13], [6, 8], [8, 6], [13, 4]], [[2, 14], [13, 14]]], [[[5, 14], [2, 13], [2, 6], [1, 4], [0, 1]], [[5, 14], [0, 12]], [[5, 14], [3, 13], [2, 11], [2, 6], [1, 5]], [[5, 14], [2, 14]], None, [[5, 14], [3, 13], [2, 12], [2, 6], [1, 4], [1, 0], [5, 0], [6, 1]], [[5, 14], [6, 8], [7, 7]], [[5, 14], [7, 12]], [[5, 14], [11, 13], [12, 11], [12, 9]], [[5, 14], [6, 8], [7, 6], [13, 4], [13, 1]], [[5, 14], [6, 8], [8, 6], [13, 4]], [[5, 14], [13, 14]]], [[[6, 1], [5, 0], [2, 0], [0, 1]], [[6, 1], [5, 0], [2, 0], [1, 1], [1, 4], [2, 6], [2, 10], [0, 12]], [[6, 1], [5, 0], [2, 0], [1, 1], [1, 5]], [[6, 1], [5, 0], [2, 0], [1, 1], [1, 4], [2, 6], [2, 14]], [[6, 1], [5, 0], [1, 0], [1, 4], [2, 6], [2, 12], [3, 13], [5, 14]], None, [[6, 1], [5, 0], [2, 0], [1, 1], [1, 5], [6, 5], [7, 7]], [[6, 1], [5, 0], [2, 0], [1, 1], [1, 5], [6, 5], [6, 11], [7, 12]], [[6, 1], [7, 0], [10, 0], [13, 1], [13, 4], [12, 5], [12, 9]], [[6, 1], [7, 0], [10, 0], [13, 1]], [[6, 1], [7, 0], [10, 0], [13, 1], [13, 4]], [[6, 1], [6, 0], [13, 0], [13, 4], [12, 5], [12, 12], [13, 14]]], [[[7, 7], [6, 5], [2, 5], [1, 4], [0, 1]], [[7, 7], [6, 8], [5, 13], [3, 13], [0, 12]], [[7, 7], [6, 5], [1, 5]], [[7, 7], [6, 8], [5, 13], [2, 14]], [[7, 7], [6, 8], [5, 14]], [[7, 7], [6, 5], [1, 5], [1, 1], [2, 0], [5, 0], [6, 1]], None, [[7, 7], [6, 8], [6, 11], [7, 12]], [[7, 7], [8, 6], [12, 6], [12, 9]], [[7, 7], [8, 6], [13, 4], [13, 1]], [[7, 7], [8, 6], [13, 4]], [[7, 7], [6, 8], [6, 11], [8, 13], [13, 14]]], [[[7, 12], [4, 14], [2, 12], [2, 6], [1, 4], [0, 1]], [[7, 12], [5, 13], [3, 13], [0, 12]], [[7, 12], [6, 11], [6, 5], [1, 5]], [[7, 12], [5, 13], [2, 14]], [[7, 12], [5, 14]], [[7, 12], [6, 11], [6, 5], [1, 5], [1, 1], [2, 0], [5, 0], [6, 1]], [[7, 12], [6, 11], [6, 8], [7, 7]], None, [[7, 12], [8, 13], [12, 13], [12, 9]], [[7, 12], [6, 11], [6, 8], [8, 6], [13, 4], [13, 1]], [[7, 12], [6, 11], [6, 8], [7, 6], [13, 4]], [[7, 12], [8, 13], [13, 14]]], [[[12, 9], [12, 6], [7, 5], [2, 5], [1, 4], [0, 1]], [[12, 9], [12, 12], [11, 13], [6, 14], [0, 12]], [[12, 9], [12, 6], [6, 5], [1, 5]], [[12, 9], [12, 11], [11, 13], [2, 14]], [[12, 9], [12, 11], [11, 13], [5, 14]], [[12, 9], [12, 5], [13, 4], [13, 1], [10, 0], [7, 0], [6, 1]], [[12, 9], [12, 6], [8, 6], [7, 7]], [[12, 9], [12, 13], [8, 13], [7, 12]], None, [[12, 9], [12, 5], [13, 4], [13, 1]], [[12, 9], [12, 5], [13, 4]], [[12, 9], [12, 11], [13, 14]]], [[[13, 1], [10, 0], [2, 0], [0, 1]], [[13, 1], [13, 5], [2, 5], [2, 10], [0, 12]], [[13, 1], [13, 4], [10, 5], [1, 5]], [[13, 1], [13, 4], [10, 5], [9, 5], [5, 9], [5, 13], [2, 14]], [[13, 1], [13, 4], [7, 6], [6, 8], [5, 14]], [[13, 1], [10, 0], [7, 0], [6, 1]], [[13, 1], [13, 4], [8, 6], [7, 7]], [[13, 1], [13, 4], [8, 6], [6, 8], [6, 11], [7, 12]], [[13, 1], [13, 4], [12, 5], [12, 9]], None, [[13, 1], [13, 4]], [[13, 1], [13, 4], [12, 5], [12, 11], [13, 14]]], [[[13, 4], [10, 5], [2, 5], [1, 4], [0, 1]], [[13, 4], [8, 6], [6, 8], [5, 13], [3, 13], [0, 12]], [[13, 4], [10, 5], [1, 5]], [[13, 4], [8, 6], [6, 8], [5, 13], [2, 14]], [[13, 4], [8, 6], [6, 8], [5, 14]], [[13, 4], [13, 1], [10, 0], [7, 0], [6, 1]], [[13, 4], [8, 6], [7, 7]], [[13, 4], [7, 6], [6, 8], [6, 11], [7, 12]], [[13, 4], [12, 5], [12, 9]], [[13, 4], [13, 1]], None, [[13, 4], [12, 5], [12, 11], [13, 14]]], [[[13, 14], [3, 13], [2, 11], [2, 6], [1, 4], [0, 1]], [[13, 14], [3, 13], [0, 12]], [[13, 14], [7, 13], [6, 11], [6, 5], [1, 5]], [[13, 14], [2, 14]], [[13, 14], [5, 14]], [[13, 14], [12, 12], [12, 5], [13, 4], [13, 0], [6, 0], [6, 1]], [[13, 14], [8, 13], [6, 11], [6, 8], [7, 7]], [[13, 14], [8, 13], [7, 12]], [[13, 14], [12, 11], [12, 9]], [[13, 14], [12, 11], [12, 5], [13, 4], [13, 1]], [[13, 14], [12, 11], [12, 5], [13, 4]], None]]
